2 0.7152351097178683 0.176551724137931 0.03851265975403905 0.07448275862068961
2 0.7152351097178683 0.33586206896551724 0.0330108512177479 0.0731034482758621
2 0.9091738606221363 0.7468965517241378 0.0330108512177479 0.21931034482758618
2 0.19462647697130456 0.906206896551724 0.07014805883771404 0.035862068965517156
2 0.3101644562334218 0.906206896551724 0.07289896310585962 0.035862068965517156
2 0.08734121051362431 0.6344827586206896 0.03713720761996624 0.21793103448275863
2 0.1843105859657584 0.47379310344827574 0.07152351097178684 0.03724137931034484
1 0.25170774053532674 0.20068965517241377 0.07977622377622379 0.07586206896551723
1 0.2523954666023631 0.3358620689655172 0.08115167591029664 0.07586206896551723
1 0.5267981673498915 0.6965517241379309 0.07977622377622388 0.07448275862068968
1 0.5996971304557511 0.9406896551724137 0.0770253195080781 0.08
1 0.7338037135278513 0.9406896551724135 0.08115167591029661 0.07999999999999975
