1 0.15398179046677382 0.06551724137931035 0.08084043999505626 0.11172413793103449
1 0.34453425616940636 0.2655172413793104 0.0866147571375603 0.11172413793103451
1 0.3325044287891897 0.7958620689655173 0.07795328142380427 0.11586206896551715
1 0.1765978659415811 0.7951724137931033 0.07795328142380425 0.11724137931034471
1 0.535086721872039 0.5751724137931035 0.08276521237589086 0.11310344827586206
1 0.7954121863799284 0.9317241379310345 0.07795328142380413 0.11724137931034477
2 0.6630840851975447 0.25310344827586206 0.2309726857001607 0.05103448275862064
2 0.9248531289910602 0.40551724137931033 0.034645902855024106 0.05517241379310349
2 0.9253343220862688 0.543448275862069 0.03753306142627622 0.1544827586206897
2 0.9248531289910602 0.7427586206896553 0.034645902855024106 0.15034482758620682
2 0.6168895480575125 0.8813793103448276 0.1251102047542537 0.049655172413793164
2 0.07362254356692623 0.2524137931034483 0.03753306142627611 0.05517241379310349
2 0.07314135047171755 0.4296551724137931 0.03657067523585877 0.11172413793103445
2 0.07362254356692623 0.5958620689655172 0.03368351666460676 0.05793103448275872
